90 87 84 83 81 80 79 76
11 13 14 15 18 19 21
59 56 53 51 48 47 44
54 56 57 60 61 63
26 27 29 31 34 35 38
64 63 61 59 58 55 54
17 15 14 12 10 7
85 86 88 91 94
23 26 29 30 32 33 36 37
31 32 33 34 36 38 39
88 89 92 94 97
74 72 70 67 64 61
18 17 14 11 10 8 5 2
66 63 60 57 54 51 48
49 52 55 56 58 59 62
55 52 49 48 47 46 45
59 57 56 55 54 53 50
25 26 28 29 31 32 33
52 50 48 47 46 45 44 41
48 47 46 44 41
16 14 13 12 9
18 19 20 21 24
34 37 40 43 44
46 49 51 54 56
81 79 78 77 75 72 69 68
26 24 22 19 17 16 13
19 21 24 26 27 30
13 14 16 18 19 22 24 26
41 43 45 46 47 48
92 89 87 85 84
34 35 38 39 40 41 44
96 95 93 90 89
66 68 69 70 71 72
82 79 78 77 74
40 38 37 34 33 31 28
71 72 74 76 78 80 81 83
37 36 34 32 31 28 27 25
40 42 44 47 49 51 52
84 81 78 77 76 75
22 23 25 26 29 31 32 35
35 34 33 31 29 28 25
34 36 38 41 44 46 47 49
51 48 46 43 42 41 38 36
1 2 4 5 7
70 68 65 64 62
34 31 30 29 27 26
35 34 31 29 26
33 35 38 39 42 45
65 64 61 59 56 53
65 63 60 57 55
38 36 33 32 29
59 61 64 65 66
93 92 89 86 84 83 82
14 13 12 9 7
63 66 69 70 72 75 76 79
31 32 33 36 37 39
37 39 40 42 45 47
20 22 23 25 26
55 52 49 46 45 42
19 21 23 24 27 30 33
2 4 6 7 9 12 15 16
76 79 80 82 83 84 87
49 51 52 53 55 57
54 55 57 59 61
3 5 6 9 12 14 15
95 92 91 88 87 84 83 80
54 56 57 58 61 62 63
1 3 5 6 8 10
76 79 80 82 85
21 23 24 27 28 31 33
52 49 46 43 41 40 38
69 71 74 76 77
57 55 52 49 48
22 19 16 14 11
67 68 70 72 73 74 75 76
17 14 13 10 7 6 3 2
76 73 72 71 69 67 66
70 72 73 75 78 79
56 53 50 47 44 43 42 39
72 70 68 66 64 61
80 81 84 86 87 90
35 32 29 28 26 25
30 33 35 36 39 40 41 43
62 59 57 56 53
51 48 46 44 43
32 31 29 28 25 23 21 19
90 89 87 85 84 81 80 79
66 64 62 59 56 55 54 53
70 71 72 73 74 76 79 81
84 86 88 89 92 94 95 98
61 60 58 56 54
79 81 83 86 87 89 92
23 20 17 16 15 14 11 8
39 38 37 34 33 32
14 13 10 8 7 6
29 31 34 37 38 41 43
22 24 26 28 29 30
31 28 27 25 24
51 50 49 48 46 44 43
69 70 71 74 75 77