70 67 66 69 70 73 73
15 12 10 7 5
61 62 65 66 69 71 73 76
75 76 77 80 82 85 87 90
83 82 81 78 76
52 50 48 46 43 42
34 32 31 30 29 27
53 55 57 58 61 64 65 68
23 22 19 18 16 15
36 35 33 30 29 26 23 21
43 41 38 35 32 31 28
96 94 91 89 88 86 84 83
94 93 92 90 87 85 84 81
83 86 89 90 93
42 45 48 51 52 53
3 4 6 7 10
83 81 80 78 77 74 71 69
69 66 63 61 58
17 16 14 12 9
74 73 70 68 65 63
41 44 46 47 48 51
81 79 78 77 74
11 14 16 17 18 21 23
79 82 83 85 86 89 92 95
88 87 86 83 82 79 76
28 31 33 36 37 38 40
55 56 59 60 61 63 65
57 60 62 64 67 70 73
58 60 63 66 69 70 73 74
24 22 21 20 18
76 79 82 85 87 90 93
29 27 25 23 22
31 32 33 35 37 39 40
14 12 11 8 7 5 4
80 77 74 71 68 67 66 63
57 59 60 63 65 66 69
96 93 92 90 87 85
76 77 80 82 83 86
20 23 25 27 30 32
26 29 32 34 37 38 41
31 30 29 27 24
31 34 35 36 37 38 41
78 77 75 72 71 69 66
49 47 45 42 40 37 34
94 93 92 91 88
81 78 76 75 74 72 71
7 10 13 16 17 20 23
63 64 66 67 68
9 7 5 4 3
75 73 71 68 66 64 61
64 67 68 69 71 74
60 62 64 67 70 71 73
63 64 67 70 73 75
95 93 92 89 88
40 39 38 36 35
30 28 26 24 23
26 24 21 20 18 17 15
90 91 92 93 96 97
4 5 6 8 10 12 14
36 33 32 30 28
67 66 64 62 60 58 56
52 51 49 48 46 45
16 17 18 21 23 24 27 28
26 28 31 33 35 37 39 40
79 81 82 85 88
36 39 41 44 46
43 45 46 48 51 52 53
49 46 45 43 41 39
24 27 29 32 34 36
55 54 52 49 48
69 72 75 77 80 81 82
13 12 10 7 6
9 10 12 15 16 18 20
76 77 78 80 81 82 84
68 71 72 73 74
26 24 23 22 20 18
38 37 34 33 30 29
53 52 49 48 47 45 42
32 30 27 24 22 20 18
34 35 37 38 41 44 46
5 6 8 10 13 16 17 19
40 38 37 34 31 28 25 23
4 6 7 9 12 15 18
9 11 13 14 16 19 22 23
69 67 66 65 63 62 59 57
81 84 85 87 90 91 94 97
54 56 59 62 65 67 68 70
53 55 58 61 64
65 66 69 71 74 76 77
93 92 90 88 87 85 83 81
83 80 77 75 74
77 76 75 74 73
90 88 85 84 82 80 77 74
58 60 61 62 65
2 5 7 8 9 10 12
46 45 44 41 40
85 83 82 80 79 77 75 72
99 97 95 93 92 89
67 69 72 75 78
79 77 76 74 72