9 11 10 8 1
48 49 52 49 46 44
46 47 46 43 40 43 40 42
87 90 89 92 90 90
98 99 97 96 95 97 96 92
76 77 79 77 71
28 29 29 27 25 23 22
95 98 98 95 92 90 87 89
64 67 64 62 59 58 58 58
92 95 92 90 87 87 83
51 53 52 50 50 44
81 82 78 77 75 72 69 68
53 56 55 51 49 51
26 29 25 24 21 21
40 41 39 35 32 29 26 22
22 25 21 19 17 11
65 68 62 60 57
75 77 76 70 68 66 64 65
50 52 46 43 43
53 55 53 46 43 40 36
63 64 63 57 56 53 48
42 42 41 39 36 35 34 31
70 70 69 66 65 68
82 82 79 78 78
47 47 46 44 40
55 55 53 50 44
62 62 59 58 61 59 58
88 88 87 85 87 88
68 68 66 68 68
32 32 29 28 29 27 25 21
24 24 26 24 18
95 95 93 92 92 89
72 72 69 69 68 67 64 67
27 27 24 22 19 19 19
26 26 23 20 20 19 17 13
9 9 8 8 6 1
58 58 57 54 53 51 47 45
95 95 91 90 92
13 13 10 6 6
87 87 85 84 80 76
81 81 77 74 73 71 66
94 94 92 91 85 83 82
33 33 32 30 29 23 20 22
92 92 91 84 83 83
16 16 10 8 7 5 1
60 60 58 55 50 48 43
43 39 37 36 34 33 32 29
88 84 81 80 78 75 74 76
37 33 30 29 26 25 23 23
76 72 69 68 67 63
95 91 90 87 82
85 81 78 81 80 77
35 31 28 26 27 29
80 76 78 77 75 75
35 31 29 31 29 25
96 92 89 91 90 87 81
51 47 45 44 44 41
91 87 86 83 80 79 79 82
50 46 46 45 44 42 42
60 56 54 54 50
86 82 79 79 78 77 70
63 59 55 54 51
39 35 33 30 29 25 23 26
90 86 83 79 77 75 74 74
70 66 63 62 61 57 53
63 59 56 52 51 48 45 38
77 73 67 66 64 62 61
22 18 15 14 8 5 8
82 78 76 75 68 66 66
31 27 22 21 17
70 66 61 58 57 51
61 54 52 49 46 45 43
81 75 72 69 66 65 66
37 30 29 28 25 24 24
75 70 67 65 64 60
59 53 50 47 44 41 40 34
48 43 45 43 42
41 34 37 35 38
52 46 43 41 40 37 39 39
38 32 35 32 29 27 23
76 70 73 71 69 66 60
16 11 9 9 6 5
20 13 13 10 8 10
71 66 64 63 61 61 61
60 55 53 51 51 47
27 20 20 18 17 10
83 77 75 73 71 67 65 62
87 81 79 75 78
81 75 71 69 66 66
76 71 70 67 65 61 57
72 67 64 62 59 56 52 45
39 32 30 24 23 20 17 15
94 88 86 80 79 82
27 20 19 13 10 10
96 89 82 80 77 73
34 27 25 20 18 16 11
46 47 49 50 54 56 59 63
87 87 90 91 92 91 92 92
80 81 80 78 75 68 67 67
29 28 25 23 18 15 13