29 29 32 35 37 39 42 46
56 56 57 60 61 62 69
66 66 67 66 69
31 31 28 30 28
20 20 19 20 22 25 25
2 2 3 5 8 7 11
5 5 6 9 12 11 14 21
15 15 16 18 20 22 22 23
90 90 90 92 95 97 96
54 54 56 56 59 59
67 67 68 69 69 70 74
44 44 44 46 51
7 7 9 12 16 19
46 46 47 51 52 51
22 22 26 27 29 30 30
76 76 78 79 82 84 88 92
16 16 17 19 23 25 30
28 28 31 36 39 42
13 13 14 20 18
41 41 46 47 50 50
79 79 84 87 91
79 79 80 87 89 90 93 99
6 10 11 13 16
80 84 86 89 91 93 91
24 28 30 31 34 37 37
49 53 55 57 61
44 48 51 53 59
17 21 24 25 26 25 28
73 77 79 77 79 77
76 80 79 80 82 84 84
75 79 80 81 83 82 86
26 30 33 36 37 35 41
52 56 59 59 61 62 65 67
9 13 16 18 18 21 19
78 82 82 85 87 87
22 26 28 31 31 35
48 52 52 55 60
43 47 48 52 54 56
24 28 30 32 36 39 38
46 50 54 56 57 58 61 61
13 17 20 24 28
8 12 14 17 19 23 30
7 11 12 14 21 24 26 28
25 29 35 37 38 41 39
34 38 44 46 48 48
40 44 45 52 53 57
74 78 79 80 86 93
72 77 79 80 81 83
77 83 86 88 90 92 91
65 70 73 76 79 82 83 83
31 36 39 42 43 47
41 47 48 49 50 51 52 59
35 40 37 38 41
73 80 79 80 81 80
77 83 84 87 86 89 92 92
29 34 36 39 40 39 43
2 7 9 10 9 14
81 87 89 89 90 93
68 75 77 80 80 83 84 83
76 83 86 86 87 89 89
56 61 64 67 67 69 71 75
54 60 61 64 64 71
50 55 59 62 65
43 48 51 55 57 56
51 56 57 60 63 67 69 69
54 60 63 64 68 71 75
52 59 63 64 69
67 72 75 81 84
6 12 17 20 23 24 25 22
6 13 14 16 17 24 24
40 46 49 50 57 60 61 65
6 11 18 21 23 28
16 13 12 9 8 11
68 67 66 65 62 62
46 45 44 42 40 36
49 48 47 46 43 42 41 34
93 92 91 88 90 88
87 86 87 84 83 85
35 34 31 28 31 31
15 13 15 13 9
63 61 58 56 57 54 49
21 20 20 19 16 14 13
54 53 52 52 49 51
17 15 14 11 11 11
89 86 83 83 82 81 77
99 98 97 94 94 88
38 37 34 30 28
19 17 16 14 10 13
46 43 39 37 34 33 30 30
17 14 13 9 6 5 1
20 18 14 11 5
91 90 89 88 87 80 79 78
62 60 57 56 54 48 47 49
94 92 90 85 85
50 49 44 42 38
49 46 39 37 36 34 32 26
63 66 63 60 57 55
58 60 58 56 57
49 51 50 49 47 47
50 52 51 50 48 47 43