1 6 9 12 15 16 15
86 91 92 94 94
64 70 71 74 77 79 83
42 47 49 52 54 61
66 72 74 73 74 75 78 79
41 47 49 48 47
47 53 52 54 54
55 61 62 59 62 63 65 69
60 67 70 67 69 72 77
59 65 67 67 70 73 75
41 48 50 50 51 50
34 41 41 43 44 44
54 60 62 63 64 65 65 69
79 84 87 87 89 92 93 99
11 16 20 21 24
48 53 55 56 60 63 66 64
75 81 83 87 87
24 30 33 37 41
18 23 26 29 33 34 41
10 17 20 22 29 31 33
74 80 83 86 91 89
48 53 59 61 62 62
25 30 32 37 39 42 46
59 66 72 73 78
34 32 29 27 24 22 20 23
99 97 95 92 90 89 86 86
23 22 21 20 17 16 13 9
77 74 73 71 68 65 64 59
31 29 27 24 25 23
91 90 88 85 84 81 84 87
32 31 30 27 25 27 27
52 50 48 46 49 48 47 43
16 15 12 10 8 7 8 1
12 11 8 8 5 2 1
15 13 12 9 9 10
74 71 70 70 67 64 64
68 67 66 65 63 63 61 57
45 42 41 41 34
40 38 34 33 31 28
45 42 38 36 34 37
93 92 90 89 88 84 83 83
31 30 26 23 19
33 32 30 28 26 25 21 14
68 67 60 57 55 54 53 51
32 31 28 25 19 21
83 80 74 72 69 68 68
44 41 38 37 34 29 28 24
59 56 54 47 45 44 37
40 41 38 37 35 33 32
52 53 51 48 47 46 47
32 35 34 32 30 30
58 59 57 54 51 49 46 42
48 51 48 45 44 38
32 35 38 37 34 33
86 89 91 88 85 83 86
61 63 61 60 58 59 57 57
97 98 97 95 92 89 92 88
36 38 41 39 38 33
87 89 89 88 86
92 95 95 92 89 88 91
70 73 71 71 71
69 70 70 68 67 65 61
61 62 62 59 56 54 47
64 66 64 61 57 54
23 24 21 17 15 12 11 14
14 17 16 12 10 8 8
80 81 77 74 72 70 66
30 31 29 27 23 20 17 11
28 31 26 23 21 18
20 21 16 15 12 11 13
41 44 38 36 36
59 60 59 53 49
28 31 30 28 23 22 17
42 42 41 39 37 35 34 31
47 47 44 41 43
89 89 88 85 84 82 80 80
59 59 56 55 52 49 48 44
55 55 54 51 50 43
24 24 21 24 21 19 16 13
92 92 90 89 87 84 85 86
98 98 97 98 97 97
58 58 56 55 58 57 56 52
44 44 43 41 43 41 34
57 57 57 55 54 52 49
87 87 87 86 87
89 89 86 86 85 85
18 18 15 15 14 13 9
34 34 34 31 29 27 26 20
71 71 70 66 65
64 64 62 61 57 56 58
18 18 14 11 9 6 6
83 83 81 78 76 72 68
72 72 68 67 66 65 60
85 85 84 83 77 75 74 71
53 53 51 44 46
8 8 6 1 1
17 17 11 9 5
68 68 67 64 61 55 54 48
20 16 13 12 9 8
99 95 92 89 88 90