29 29 27 24 21 17
62 64 65 64 66 69 72 72
18 18 21 24 21 28
55 57 52 49 45
76 78 76 73 69 66 66
77 76 73 70 66 60
73 77 81 84 86
64 70 72 75 78 81 81 81
79 80 87 89 90 91 96
22 26 29 28 30 36
76 73 72 70 70 68 66 63
44 41 42 44 46 52
47 47 45 44 41 39 38 37
52 50 48 48 47 47
33 37 41 42 43 45 45
31 37 37 39 42 45 46
36 38 40 43 46 51
69 62 61 59 58 55 55
64 66 67 67 69 71 69
58 58 60 60 63
50 53 51 52 50 47 43
76 72 70 69 67 69
38 33 32 34 33
20 20 17 17 16 13 7
49 50 52 53 57 58
67 66 67 70 72 74 77 80
54 50 45 43 41 38 35 35
13 12 13 14 18
90 86 82 81 79 72
97 90 89 85 82 82
70 77 79 81 88 90 92 96
89 85 82 82 83
41 41 40 39 39 37 34
43 41 44 47 46 49
38 42 47 48 49
89 90 97 99 98
20 27 31 32 35 38 38
41 41 38 37 34 32 32
23 19 17 16 15 16 16
93 93 92 91 90 92
79 75 74 73 69 66 65 61
67 70 71 72 73 75 78 78
35 40 41 42 39 38
87 84 83 81 78 77 76 76
62 56 55 58 54
55 53 57 60 63 64
20 22 19 20 19 19
14 14 11 14 16
27 26 27 28 31 30 31 37
15 9 8 7 6 6 2
41 38 37 30 29 27 21
70 75 76 77 80 83 86 86
20 18 14 13 10 7 3
47 44 40 38 36
10 14 15 18 19 20 22 27
60 60 62 64 66 69 74 76
13 17 15 17 18 19 20 17
12 11 13 15 15 16
97 97 94 91 91 94
30 32 33 33 36 39 41 45
46 40 39 36 39
33 39 41 44 48 50 49
31 31 29 27 25 18 16 18
12 12 15 17 19 23 21
43 42 45 45 46 49 46
47 49 50 52 53 56 59 63
59 60 58 58 56 54 53
15 20 22 25 27 28 34 37
54 57 58 59 62 68 69
43 47 49 50 48
63 67 68 69 71 74 78
82 85 84 80 77 74 71 67
85 90 91 94 95 98 97
85 81 79 80 77 76
26 20 16 14 13 11 5
57 59 60 63 62 65 68 72
21 21 18 12 7
62 59 57 55 54 51 50 44
64 66 65 65 60
12 16 15 17 19
12 14 14 13 11 8 8
92 90 89 91 93 95 97 95
90 88 91 93 95 92
79 84 87 94 95 96 99 96
20 23 24 26 29 33 34 41
48 43 42 41 40 37
37 37 40 39 36 36
56 56 57 58 61 60
68 66 66 65 63 61 58 53
59 61 60 57 57
56 49 47 49 47 46 43 36
21 19 17 16 10 9 7 7
28 35 38 42 43 50
83 83 80 77 76 72 69 69
33 32 36 38 39 40 44
67 71 72 73 72 74 77 81
31 36 39 39 41 45
61 64 68 71 73 70
64 64 64 67 70 73 76 82
47 40 39 36 33 31 28 22