33 29 26 23 20 20
70 66 63 60 56
37 33 31 29 28 23
27 23 21 22 19
81 77 76 73 71 69 70 72
30 26 29 28 27 24 23 23
21 17 19 18 15 13 9
91 87 85 82 80 82 80 73
83 79 79 77 75 74
86 82 81 81 78 79
85 81 78 76 76 76
77 73 73 71 69 66 62
68 64 62 62 55
26 22 19 15 13
10 6 2 1 4
56 52 51 48 45 41 38 38
21 17 14 11 7 3
61 57 53 52 50 43
23 19 17 10 8 6
81 77 76 74 68 66 68
87 83 78 75 75
42 38 37 35 29 26 25 21
62 58 55 54 47 40
70 65 63 62 61 58 56 53
88 82 81 78 76 75 74 76
29 24 23 21 20 19 18 18
26 20 18 16 14 11 10 6
68 61 59 58 57 55 52 46
25 19 16 19 18 15
51 45 43 46 47
24 18 21 20 19 18 18
30 23 21 24 20
72 65 63 65 64 58
81 74 71 68 68 66 63
46 41 40 40 37 34 33 36
51 45 45 42 40 39 39
47 41 39 39 35
32 25 24 24 19
89 82 80 78 74 71
70 64 61 59 58 54 55
66 61 59 55 55
60 54 53 49 46 43 39
70 63 61 59 55 52 45
37 30 23 22 20 19 16 13
70 64 57 55 56
72 67 64 61 59 57 52 52
67 62 57 54 53 50 46
40 34 31 28 21 20 17 11
52 55 57 60 63 66 63
10 11 12 13 14 16 16
84 87 88 90 91 95
12 14 17 19 20 21 26
46 49 48 51 54
16 18 21 20 19
66 68 71 69 71 72 72
9 12 14 11 14 18
79 80 82 80 83 90
13 14 17 17 20
4 5 6 6 7 10 9
76 77 79 79 79
70 73 73 75 76 78 79 83
29 31 34 34 37 38 45
69 71 74 78 80 81
7 8 11 15 17 14
43 44 48 49 50 50
1 3 7 8 12
40 42 46 47 52
65 66 67 73 74
11 14 16 17 23 22
4 6 7 9 15 16 16
68 69 70 73 75 81 85
46 48 55 56 58 64
34 33 34 35 38 41 42 45
76 75 78 79 81 84 83
78 76 78 80 82 85 88 88
9 6 7 10 14
4 1 2 3 4 5 8 13
22 20 23 25 23 25 27 29
51 50 53 50 52 54 57 55
79 77 76 77 77
30 28 31 33 36 35 39
76 75 76 79 81 80 81 88
6 3 4 6 9 9 12 14
31 30 32 32 33 30
91 89 92 92 94 94
79 78 81 84 86 86 90
4 2 5 5 7 9 11 17
15 13 15 17 21 22
33 30 31 34 38 35
49 46 50 51 54 55 55
65 63 67 70 72 76
11 9 10 11 15 18 21 28
6 4 6 8 15 18
74 71 73 78 81 83 84 82
62 60 67 68 69 69
71 70 73 75 76 79 85 89
11 9 12 14 19 22 24 29
31 31 33 36 38 40 42 45
8 8 9 12 14 16 17 15
57 57 59 61 62 64 64