43 45 48 51 54 57 60
98 95 92 91 90 88
41 44 47 49 52 55 56 57
68 66 64 62 61 59 56 55
66 69 72 74 76 78 80 81
72 75 76 79 81 84 86
99 97 94 91 89
52 55 58 59 61 63
80 81 84 86 88 91 93
8 9 10 12 15 17 18
90 91 93 96 99
30 31 34 36 38
90 88 85 82 79 76 74 72
82 84 87 88 89 92
12 9 7 6 3
83 84 87 89 91 94 97
33 36 39 41 42 45 48
7 8 11 13 14 15
48 49 50 51 54 56
92 89 86 83 80 78
60 62 63 66 67 70 71
25 24 21 19 16 13
29 26 25 23 21
71 68 67 64 63
83 85 88 89 90 91 93 95
2 4 7 10 12 13
54 53 50 47 45
8 10 12 13 15 18 19 20
83 82 81 80 77 76 74 71
93 90 88 87 85 84 81 79
76 77 80 81 82 85 86
42 39 37 36 34 32 29 26
48 47 46 44 41 39 36
39 38 37 36 33 32 30
12 15 17 19 20 21 22
30 29 28 27 24 22
37 40 42 43 46 48 50
35 38 39 42 45 48 50
55 58 59 60 62
7 8 11 13 15 16 18
68 67 66 64 61 60
77 79 81 83 84 87 88
60 59 56 54 52 51 50 49
14 16 17 20 22 25 28 30
60 63 66 68 69 70 72
19 16 14 11 9 6 5 3
57 58 61 64 65 66 68
44 42 41 38 37
72 74 75 78 79 82 84
51 54 56 59 60
69 67 66 64 62
33 30 27 25 24
56 54 53 52 50 48
76 78 81 84 86 89 90 93
77 74 71 68 66 64 61 59
41 39 36 35 32 31
75 73 71 69 68 67 64
75 76 78 81 82 83
78 81 83 86 87 88 91 94
33 30 27 25 24 21 19 16
46 47 48 50 51 54 56 59
76 78 79 82 84 87
71 73 75 77 78 79 80
52 54 56 59 61 63 65
7 10 12 13 15 18
3 6 8 10 12 13
78 80 82 84 86
58 55 53 50 47 45
88 85 82 79 78 77 74
8 7 6 5 3 2
38 36 33 30 29 28
59 62 63 66 68 70
83 86 88 89 91 93 96 99
19 21 23 26 28 31
14 16 19 22 25 27
91 90 88 87 86 85 84 83
5 8 11 14 17 18 20
87 88 91 92 94 96 97
4 5 6 8 9
32 30 27 24 23 20
56 55 54 52 49 48
31 30 28 27 24 22 19
79 82 85 86 88 89 90 91
92 89 87 84 83 80
75 72 71 69 67
54 51 49 46 45 44 41 38
38 36 35 34 31
68 66 63 62 59 58
90 89 87 86 84 81 78
51 52 54 57 59 60 61 62
18 19 20 21 23 25
52 50 47 45 44
71 73 74 76 79 82 85
19 21 23 25 26
47 46 43 41 40 38 36 33
32 35 37 40 42 43 45
57 54 52 50 47 46 44 42
33 35 37 40 43 44
38 35 33 32 29 26 24 23
63 61 60 57 56