48 51 49 44 42 41
48 47 48 50 51 51 51
69 69 73 74 77 79 81 85
5 9 10 13 15 15 17 21
71 75 78 82 87
46 42 39 38 35 36 35 38
10 12 14 17 18 22 23 23
75 76 76 78 81 83 85 85
11 15 16 18 19 23 27
64 68 75 76 79 82 87
81 79 76 73 75 75
21 17 15 10 9 6 4 3
67 74 76 77 82
22 26 30 32 35 32
23 20 17 15 13 11 10 6
64 63 62 60 55 53 56
34 34 36 40 42 44
43 43 42 42 38
31 28 32 33 36 39 36
74 71 75 77 79 81 88
97 90 88 86 79 73
60 60 61 63 64 68
46 44 41 44 48
17 13 14 13 12 9 8 4
75 69 67 64 59 57 58
27 21 21 19 16 14 9
29 29 26 23 21 20 18 11
57 60 63 66 67 69 71 68
75 78 75 73 74 71 73
46 40 33 30 27 24 22 22
71 73 69 66 63 65
79 81 80 82 84 81
79 83 84 85 86 88 89 89
8 12 17 20 23 27
78 83 86 89 91 95 99
39 40 38 35 28 25 24 25
50 47 50 51 53 59 56
75 75 74 70 69 67 70
81 74 73 71 70 66 62
34 30 27 23 20 17 15 15
49 52 49 46 43 41
50 55 56 53 57
57 57 57 59 60 64
87 81 80 77 80 78 78
69 68 71 72 73 74 78 78
46 40 38 31 29 27 25
24 23 22 22 19 16 14 16
22 27 28 31 32 33
90 90 84 81 80 76
51 55 58 59 60 63 66
9 7 14 16 20
47 51 53 53 55 57 58
63 59 56 53 50 47 40
52 45 42 38 35 34 33
27 24 24 26 32
13 18 21 22 19 20 23
21 20 23 25 32 33 35 35
80 81 82 85 86 86 92
49 49 51 50 48 46 43 41
69 63 62 61 57 56 55 57
8 8 9 11 8 12
90 86 83 81 84 78
94 94 91 88 85 81 79 73
14 17 16 15 12 10 7 3
70 65 63 63 60 60
72 72 70 66 63 61 58 54
72 68 66 63 56 54 50
56 55 52 51 50 48 44 45
95 88 88 87 86 83 85
41 45 47 50 55 58 58
71 74 77 74 73 70 67 60
74 74 81 83 85 86 87 91
22 26 27 25 25
89 88 85 84 87 89
86 84 81 82 81 74
49 42 37 34 30
83 81 86 89 96
82 77 79 77 80
24 29 30 33 36 40 41
62 69 72 75 77 81
27 23 20 18 17 14 14
25 26 21 20 19 12
18 18 16 15 16 13 12 6
65 65 62 61 58 52 51 51
53 53 55 56 59 66 73
52 55 56 54 56 59
87 90 88 87 89
68 64 61 58 55 52 50
76 77 75 78 77 74
53 49 47 44 40
66 62 60 59 55 53 55
73 69 65 63 60 58 55 52
10 17 19 26 28 34
36 36 38 40 42 46 47 47
29 33 36 36 37 39 36
6 9 16 19 22 26
46 40 40 38 36 34 33
70 70 71 72 73 80 83 83
66 64 61 60 60 57 53
38 34 27 26 24 23 25