5 6 7 10 13 16 13
19 21 24 27 28 28
16 18 20 21 23 25 29
44 46 48 49 52 55 56 62
51 52 53 50 52
10 11 12 14 11 10
80 83 85 86 88 85 85
89 90 88 90 94
85 86 83 85 92
31 32 32 33 36
17 18 18 19 16
33 34 34 37 39 40 43 43
86 87 89 90 92 92 96
7 9 11 13 16 16 23
59 60 64 67 69
43 45 49 51 48
11 13 14 17 21 22 24 24
74 75 78 82 83 86 88 92
7 8 9 12 16 18 23
35 36 39 45 48 49
10 12 14 15 22 24 21
4 6 11 12 12
84 86 88 93 97
5 7 8 15 16 23
67 66 68 70 71 74 76
17 16 19 20 22 25 22
41 40 42 45 46 47 47
59 56 58 61 63 67
26 25 26 29 31 32 38
81 78 76 79 82 85 86 88
54 52 49 52 54 55 53
24 23 25 23 25 25
29 28 27 30 31 34 38
65 64 66 64 69
88 86 86 87 90 93 96
98 97 97 99 97
68 67 68 71 71 72 72
45 42 45 46 49 49 53
91 89 89 91 92 99
63 62 65 67 68 72 75
79 76 79 80 82 85 89 87
37 35 38 42 42
90 87 88 92 93 97
80 77 80 82 85 89 94
9 6 12 13 15
88 87 89 96 99 97
39 37 39 45 46 49 52 52
6 4 5 6 12 13 16 20
2 1 4 9 12 14 21
80 80 81 84 86
82 82 84 86 85
49 49 51 52 53 54 54
79 79 80 83 85 86 88 92
56 56 59 62 64 65 72
56 56 59 61 63 66 64 67
59 59 58 60 57
66 66 67 68 67 67
25 25 22 25 29
4 4 6 5 12
89 89 89 91 93
6 6 9 11 11 13 16 15
33 33 36 38 39 39 40 40
60 60 63 63 66 67 68 72
62 62 64 67 67 74
30 30 33 37 40 42 44
16 16 20 23 26 27 24
79 79 83 84 85 86 86
28 28 32 34 37 39 43
39 39 40 43 46 50 56
3 3 5 11 14 17 20
54 54 55 56 57 64 62
37 37 42 45 47 47
44 44 50 53 56 59 60 64
32 32 37 40 45
20 24 27 28 30 33 35
15 19 22 25 27 25
84 88 91 92 93 95 97 97
80 84 86 88 89 93
79 83 86 87 88 90 97
39 43 40 43 44 46
70 74 73 76 73
10 14 15 18 16 17 17
44 48 47 49 51 53 57
9 13 14 17 18 20 19 26
60 64 67 70 73 76 76 78
62 66 69 69 70 69
17 21 24 24 27 27
8 12 12 14 17 21
30 34 35 35 38 40 41 48
12 16 20 23 26
67 71 73 75 79 77
37 41 44 48 49 49
24 28 29 32 36 40
63 67 71 74 76 83
58 62 68 70 73 74 75
75 79 81 83 90 89
5 9 14 15 15
10 14 15 21 23 25 27 31
3 7 12 15 20
9 14 17 18 19 21 22 23